0 0.1884765625 0.5536764705882353 0.021484375 0.125
0 0.21044921875 0.5683823529411764 0.0361328125 0.1602941176470588
0 0.24951171875 0.5852941176470589 0.0322265625 0.1323529411764706
0 0.26318359375 0.5352941176470588 0.0205078125 0.07352941176470588
0 0.28955078125 0.5551470588235294 0.0341796875 0.1338235294117647
0 0.33251953125 0.5588235294117647 0.0302734375 0.1264705882352941
0 0.4775390625 0.6029411764705882 0.04296875 0.1676470588235294
0 0.5205078125 0.5272058823529412 0.021484375 0.04264705882352941
0 0.5380859375 0.6102941176470588 0.05859375 0.16470588235294117
0 0.59423828125 0.5419117647058823 0.0380859375 0.1426470588235294
0 0.548828125 0.5058823529411764 0.017578125 0.061764705882352944
0 0.56494140625 0.5073529411764706 0.0205078125 0.041176470588235294
0 0.93017578125 0.5705882352941176 0.0341796875 0.1264705882352941
0 0.9541015625 0.5661764705882353 0.04296875 0.1264705882352941