0 0.09428571428571429 0.6390476190476191 0.08285714285714285 0.19238095238095237
0 0.17214285714285715 0.7152380952380952 0.12142857142857143 0.2571428571428571
0 0.15642857142857142 0.5933333333333334 0.07857142857142857 0.05904761904761905
0 0.24214285714285713 0.5923809523809523 0.05857142857142857 0.16
0 0.3057142857142857 0.6352380952380953 0.06285714285714286 0.18476190476190477
0 0.36714285714285716 0.8019047619047619 0.12285714285714286 0.29333333333333333
0 0.37857142857142856 0.5771428571428572 0.03428571428571429 0.13714285714285715
0 0.39357142857142857 0.6342857142857142 0.08714285714285715 0.1523809523809524
0 0.45285714285714285 0.6104761904761905 0.06285714285714286 0.1580952380952381
0 0.4714285714285714 0.5171428571428571 0.03428571428571429 0.05523809523809524
0 0.505 0.7038095238095238 0.08714285714285715 0.24952380952380954
0 0.5764285714285714 0.6285714285714286 0.055714285714285716 0.18285714285714286
0 0.6057142857142858 0.5428571428571428 0.03428571428571429 0.10285714285714286
0 0.6228571428571429 0.5819047619047619 0.04857142857142857 0.13904761904761906
0 0.7007142857142857 0.7523809523809524 0.10714285714285714 0.2780952380952381
0 0.6885714285714286 0.5485714285714286 0.03428571428571429 0.09142857142857143
0 0.705 0.5904761904761905 0.05857142857142857 0.06857142857142857
0 0.7221428571428572 0.5047619047619047 0.024285714285714285 0.0761904761904762
0 0.7921428571428571 0.6104761904761905 0.047142857142857146 0.15428571428571428
0 0.8614285714285714 0.6885714285714286 0.09142857142857143 0.24952380952380954
0 0.86 0.5476190476190477 0.03428571428571429 0.08952380952380952
0 0.9592857142857143 0.6390476190476191 0.05857142857142857 0.17714285714285713