0 0.7210526315789474 0.5864864864864865 0.22105263157894736 0.4810810810810811
0 0.3684210526315789 0.5027027027027027 0.22105263157894736 0.7783783783783784
0 0.25526315789473686 0.5243243243243243 0.2789473684210526 0.7351351351351352
0 0.6 0.6918918918918919 0.042105263157894736 0.11891891891891893
0 0.6263157894736842 0.6972972972972973 0.042105263157894736 0.12972972972972974
0 0.6657894736842105 0.7027027027027027 0.04736842105263158 0.11891891891891893
0 0.7657894736842105 0.7000000000000001 0.02631578947368421 0.0918918918918919
0 0.8105263157894737 0.7000000000000001 0.021052631578947368 0.08108108108108109
0 0.95 0.6891891891891893 0.04736842105263158 0.11351351351351352
0 0.5052631578947369 0.7000000000000001 0.042105263157894736 0.0918918918918919
0 0.8789473684210526 0.7081081081081082 0.021052631578947368 0.043243243243243246
0 0.9078947368421052 0.7135135135135136 0.02631578947368421 0.05405405405405406