0 0.6515151515151515 0.5801282051282051 0.33333333333333337 0.6602564102564102
0 0.2916666666666667 0.6057692307692307 0.3712121212121212 0.673076923076923
0 0.16287878787878787 0.5352564102564102 0.2196969696969697 0.6987179487179487
0 0.3939393939393939 0.3333333333333333 0.07575757575757576 0.16666666666666666
0 0.46212121212121215 0.3365384615384615 0.07575757575757576 0.17307692307692307
0 0.03409090909090909 0.34935897435897434 0.06818181818181818 0.1987179487179487
0 0.5303030303030303 0.3205128205128205 0.045454545454545456 0.08974358974358974
0 0.8598484848484849 0.3173076923076923 0.03787878787878788 0.08333333333333333
0 0.9015151515151515 0.3205128205128205 0.045454545454545456 0.08974358974358974
0 0.7954545454545455 0.3205128205128205 0.030303030303030304 0.08974358974358974
0 0.8295454545454546 0.3205128205128205 0.03787878787878788 0.08974358974358974
0 0.7537878787878788 0.3269230769230769 0.05303030303030303 0.05128205128205128
0 0.7083333333333334 0.3173076923076923 0.03787878787878788 0.07051282051282051