0 0.1716867469879518 0.5835866261398176 0.27108433734939763 0.6990881458966566
0 0.4231927710843374 0.6063829787234043 0.21987951807228917 0.6474164133738601
0 0.5632530120481928 0.6443768996960486 0.09036144578313253 0.24316109422492402
0 0.6295180722891567 0.6382978723404256 0.09036144578313253 0.23708206686930092
0 0.7409638554216867 0.6550151975683891 0.09036144578313253 0.20972644376899696
0 0.8418674698795181 0.5790273556231003 0.2560240963855422 0.7203647416413373
0 0.09036144578313253 0.6580547112462006 0.03614457831325302 0.08206686930091185
0 0.32228915662650603 0.6610942249240122 0.030120481927710843 0.06990881458966565
0 0.2846385542168675 0.662613981762918 0.02710843373493976 0.060790273556231005
0 0.7756024096385542 0.6762917933130699 0.02710843373493976 0.07598784194528875
0 0.9156626506024097 0.6641337386018237 0.030120481927710843 0.10638297872340426