0 0.1607142857142857 0.6175 0.21825396825396826 0.585
0 0.4345238095238095 0.63 0.1865079365079365 0.59
0 0.6646825396825397 0.605 0.19444444444444442 0.64
0 0.8948412698412698 0.6425 0.16269841269841268 0.5650000000000001
0 0.25595238095238093 0.66 0.051587301587301584 0.2
0 0.5873015873015872 0.665 0.05555555555555555 0.12
0 0.7559523809523809 0.6675 0.04365079365079365 0.135
0 0.5238095238095237 0.6675 0.023809523809523808 0.135
0 0.5456349206349206 0.67 0.027777777777777776 0.12
0 0.9682539682539681 0.65 0.05555555555555555 0.31
0 0.36507936507936506 0.7125 0.031746031746031744 0.055
0 0.3075396825396825 0.67 0.03571428571428571 0.1