0 0.14030612244897958 0.4113924050632911 0.18877551020408162 0.5822784810126582
0 0.36989795918367346 0.560126582278481 0.22959183673469385 0.8037974683544303
0 0.8265306122448979 0.5664556962025317 0.2346938775510204 0.8164556962025317
0 0.5688775510204082 0.20253164556962025 0.1173469387755102 0.21518987341772153
0 0.6479591836734694 0.20253164556962025 0.09183673469387754 0.24050632911392406
0 0.760204081632653 0.18037974683544303 0.07142857142857142 0.15822784810126583
0 0.25510204081632654 0.3227848101265823 0.1020408163265306 0.45569620253164556
0 0.030612244897959183 0.25949367088607594 0.061224489795918366 0.35443037974683544
0 0.8316326530612245 0.13291139240506328 0.0510204081632653 0.0759493670886076
0 0.6147959183673469 0.4462025316455696 0.1683673469387755 0.2974683544303797
0 0.3954081632653061 0.13924050632911392 0.05612244897959183 0.06329113924050633