0 0.3042328042328042 0.5256410256410257 0.32275132275132273 0.7025641025641025
0 0.656084656084656 0.5564102564102564 0.30687830687830686 0.7333333333333333
0 0.7936507936507936 0.48205128205128206 0.19047619047619047 0.7794871794871795
0 0.48677248677248675 0.2641025641025641 0.07407407407407407 0.1794871794871795
0 0.5502645502645502 0.26666666666666666 0.07407407407407407 0.18461538461538463
0 0.9126984126984127 0.2794871794871795 0.07936507936507936 0.2205128205128205
0 0.06349206349206349 0.2512820512820513 0.05291005291005291 0.11282051282051282
0 0.1111111111111111 0.24358974358974358 0.042328042328042326 0.1076923076923077
0 0.4206349206349206 0.24871794871794872 0.047619047619047616 0.1076923076923077
0 0.8571428571428571 0.2153846153846154 0.031746031746031744 0.041025641025641026
0 0.2513227513227513 0.24358974358974358 0.037037037037037035 0.08717948717948718
0 0.15608465608465608 0.25384615384615383 0.037037037037037035 0.08717948717948718