0 0.13602941176470587 0.5474683544303798 0.22794117647058823 0.6265822784810127
0 0.41911764705882354 0.5158227848101266 0.3235294117647059 0.689873417721519
0 0.8639705882352942 0.5569620253164557 0.25735294117647056 0.5822784810126582
0 0.22794117647058823 0.2563291139240506 0.10294117647058823 0.10759493670886076
0 0.5330882352941176 0.3449367088607595 0.0661764705882353 0.22151898734177214
0 0.5992647058823529 0.3449367088607595 0.0661764705882353 0.24683544303797467
0 0.7058823529411764 0.36075949367088606 0.044117647058823525 0.1518987341772152
0 0.7463235294117647 0.31962025316455694 0.051470588235294115 0.23417721518987342
0 0.8088235294117647 0.25949367088607594 0.044117647058823525 0.08860759493670886
0 0.8492647058823529 0.24367088607594936 0.051470588235294115 0.06962025316455696
0 0.9411764705882353 0.370253164556962 0.10294117647058823 0.3987341772151899