0 0.17204301075268819 0.47150259067357514 0.16129032258064518 0.4766839378238342
0 0.2795698924731183 0.3756476683937824 0.17204301075268819 0.44041450777202074
0 0.5134408602150538 0.6321243523316062 0.3064516129032258 0.6528497409326425
0 0.6370967741935485 0.4274611398963731 0.18817204301075272 0.5233160621761658
0 0.8333333333333334 0.5284974093264249 0.32258064516129037 0.8393782383419689
0 0.47043010752688175 0.34974093264248707 0.15591397849462366 0.21243523316062177
0 0.05913978494623656 0.3160621761658031 0.05376344086021506 0.13471502590673576
0 0.08870967741935484 0.24870466321243523 0.048387096774193554 0.12435233160621761
0 0.12096774193548387 0.24870466321243523 0.03763440860215054 0.10362694300518135
0 0.15860215053763443 0.21761658031088082 0.03763440860215054 0.05181347150259068
0 0.3709677419354839 0.2901554404145078 0.09677419354838711 0.2072538860103627