0 0.3125 0.5857142857142857 0.2801724137931034 0.8204081632653062
0 0.12068965517241378 0.23877551020408166 0.13793103448275862 0.31428571428571433
0 0.5991379310344828 0.2571428571428572 0.12931034482758622 0.3591836734693878
0 0.7952586206896551 0.2959183673469388 0.21120689655172414 0.5673469387755102
0 0.5 0.22653061224489798 0.11206896551724138 0.32244897959183677
0 0.27155172413793105 0.1489795918367347 0.09482758620689655 0.1510204081632653
0 0.3943965517241379 0.17346938775510207 0.09913793103448276 0.22448979591836737
0 0.9224137931034483 0.22653061224489798 0.10344827586206896 0.33877551020408164
0 0.0625 0.2163265306122449 0.07327586206896551 0.23673469387755103
0 0.3189655172413793 0.1306122448979592 0.06034482758620689 0.1142857142857143
0 0.6724137931034483 0.24081632653061227 0.08620689655172414 0.3102040816326531