0 0.32954545454545453 0.5737179487179487 0.32575757575757575 0.6346153846153846
0 0.7045454545454546 0.6057692307692307 0.3484848484848485 0.6858974358974359
0 0.8333333333333334 0.5384615384615384 0.19696969696969696 0.7051282051282051
0 0.5303030303030303 0.3365384615384615 0.07575757575757576 0.14743589743589744
0 0.5909090909090909 0.3333333333333333 0.07575757575757576 0.14102564102564102
0 0.9507575757575758 0.34615384615384615 0.08333333333333334 0.20512820512820512
0 0.45075757575757575 0.3205128205128205 0.05303030303030303 0.10256410256410256
0 0.07954545454545454 0.3205128205128205 0.03787878787878788 0.08974358974358974
0 0.125 0.32371794871794873 0.05303030303030303 0.09615384615384615
0 0.2689393939393939 0.3173076923076923 0.03787878787878788 0.07051282051282051
0 0.1856060606060606 0.3269230769230769 0.03787878787878788 0.08974358974358974