0 0.1536144578313253 0.5775075987841946 0.25903614457831325 0.7112462006079028
0 0.2530120481927711 0.6534954407294833 0.08433734939759037 0.2006079027355623
0 0.37198795180722893 0.6413373860182371 0.08132530120481928 0.23100303951367782
0 0.4307228915662651 0.6413373860182371 0.0783132530120482 0.22492401215805471
0 0.5617469879518072 0.6109422492401215 0.23192771084337352 0.6261398176291794
0 0.8253012048192772 0.5805471124620061 0.27108433734939763 0.6808510638297872
0 0.0783132530120482 0.6641337386018237 0.030120481927710843 0.10638297872340426
0 0.21686746987951808 0.6808510638297872 0.030120481927710843 0.0668693009118541
0 0.3177710843373494 0.6610942249240122 0.057228915662650606 0.06382978723404255
0 0.6701807228915663 0.6641337386018237 0.02710843373493976 0.07598784194528875
0 0.7093373493975904 0.6656534954407295 0.02710843373493976 0.060790273556231005
0 0.9021084337349398 0.6595744680851063 0.03313253012048193 0.0790273556231003
0 0.9578313253012049 0.5501519756838906 0.0783132530120482 0.3221884498480243